0 0 0 0
1 0.52736 -0.06069 -0.06826
2 0.933246 -0.104807 -0.13788
3 1.39404 -0.139197 -0.13984
4 1.79531 -0.166251 -0.08084
5 2.23456 -0.186669 -0.03747
6 2.67829 -0.200881 -0.03738
7 3.10582 -0.23206 -0.03829
8 3.52706 -0.23752 -0.04567
9 3.95331 -0.25678 -0.05878
10 4.40398 -0.297726 -0.06194
11 4.85767 -0.316986 -0.07744
12 5.27041 -0.347388 -0.07965
13 5.67731 -0.363043 -0.09446
14 6.14912 -0.412283 -0.10372
15 6.58144 -0.449665 -0.1127
16 7.00158 -0.503898 -0.12352
17 7.43687 -0.55133 -0.1294
18 7.86993 -0.607258 -0.13296
19 8.2848 -0.640179 -0.15129
20 8.72712 -0.719043 -0.15339
21 9.14538 -0.773861 -0.16872
22 9.5696 -0.850576 -0.17121
23 10.0046 -0.922123 -0.17172
24 10.1273 -0.973409 -0.51752
25 10.2368 -1.24381 -1.53903
26 10.1648 -1.24431 2.57401
27 9.75456 -0.962097 2.6497
28 9.364 -0.845731 2.90693
29 8.94106 -0.733457 2.91018
30 8.50675 -0.730218 3.13151
31 8.07477 -0.71795 -3.05626
32 7.6494 -0.763459 -2.95536
33 7.21476 -0.858958 -3.01332
34 6.68671 -0.860258 3.07946
35 6.13265 -0.81954 3.07165
36 5.70455 -0.78286 3.06035
37 5.2547 -0.760571 3.04187
38 4.848 -0.723455 3.03306
39 4.4189 -0.656489 3.01605
40 3.99058 -0.603822 2.99627
41 3.57636 -0.555723 2.9826
42 3.13132 -0.462458 2.97105
43 2.7092 -0.409578 2.98388
44 2.26972 -0.33422 3.01504
45 1.84627 -0.30262 3.00128
46 1.43014 -0.238996 2.99646
47 1.01085 -0.168149 2.98345
48 0.57366 -0.160532 -3.10626
49 0.152327 -0.193927 -3.10631
50 -0.297405 -0.184786 -3.11057
51 -0.721508 -0.206101 -3.12238
52 -1.13638 -0.196009 -3.13821
53 -1.57592 -0.210516 3.12333
54 -2.00637 -0.172201 3.10428
55 -2.43884 -0.147524 3.08263
56 -2.97524 -0.153137 3.09023
57 -3.4074 -0.162254 -3.05318
58 -3.82571 -0.220357 -3.08246
59 -4.27823 -0.228274 -3.1095
60 -4.71531 -0.229089 3.13869
61 -5.14383 -0.238528 3.12609
62 -5.55754 -0.202042 3.11273
63 -6.00543 -0.225505 3.08817
64 -6.42929 -0.21897 3.06589
65 -6.88366 -0.199007 3.06137
66 -7.30507 -0.148185 3.06169
67 -7.72384 -0.113131 3.04919
68 -8.1652 -0.08431 3.04754
69 -8.60225 -0.038706 3.04139
70 -9.02898 0.005345 3.141
71 -9.46244 -0.001736 3.13339
72 -9.89424 0.006948 3.13124
73 -10.2938 0.009507 3.12201
74 -10.7469 0.012671 3.12244
75 -11.209 0.044955 3.11271
76 -11.5892 0.044066 3.09864
77 -12.0591 0.058405 3.09543
78 -12.4888 0.063812 3.09016
79 -12.8883 0.069668 3.08618
80 -13.3378 0.081938 -3.13825
81 -13.4784 0.072528 -3.10331
82 -13.6433 0.065542 -3.09182
83 -14.0667 0.022391 -3.07925
84 -14.4928 -0.010715 -3.08108
85 -14.9296 0.01803 3.01679
86 -15.3531 0.062335 3.03087
87 -15.7937 0.109711 3.03455
88 -16.2207 0.142761 3.0478
89 -16.6432 0.164305 3.03653
90 -17.0877 0.227095 3.04319
91 -17.5097 0.247762 3.04967
92 -17.9473 0.318275 3.06847
93 -18.367 0.330263 3.07145
94 -18.7979 0.340438 3.06082
95 -19.2216 0.413064 3.06523
96 -19.662 0.448026 3.05613
97 -20.045 0.45469 3.02836
98 -20.5161 0.512025 3.03124
99 -20.948 0.540759 3.03139
100 -21.3804 0.585175 3.02643
101 -21.8139 0.646978 3.02982
102 -22.2396 0.673523 -3.10587
103 -22.656 0.606359 -2.95886
104 -23.0809 0.521473 -2.98185
105 -23.521 0.49015 3.12055
106 -23.9142 0.546665 2.82939
107 -24.0378 0.707106 1.7592
108 -23.716 0.777832 -0.136365
109 -23.3079 0.717618 -0.179065
110 -22.8643 0.615961 -0.160945
111 -22.4276 0.565315 -0.150055
112 -21.9925 0.502352 -0.146955
113 -21.5571 0.440774 -0.143885
114 -21.1354 0.395074 -0.154105
115 -20.7229 0.310939 -0.139615
116 -20.3049 0.254428 -0.044735
117 -19.8827 0.248713 -0.030995
118 -19.4158 0.239678 -0.033385
119 -19.0177 0.252568 -0.048125
120 -18.5812 0.213776 -0.053395
121 -18.1403 0.175838 -0.178045
122 -17.7321 0.104304 -0.147055
123 -17.3106 0.057148 -0.127305
124 -16.8472 -0.022286 -0.128995
125 -16.4171 -0.077938 -0.139135
126 -15.9949 -0.107989 -0.066645
127 -15.5706 -0.13439 0.040035
128 -15.1361 -0.114651 0.032975
129 -14.6966 -0.080585 0.008945
130 -14.2671 -0.087924 -0.072115
131 -13.8421 -0.109586 -0.096405
132 -13.3886 -0.173209 -0.109605
133 -13.0147 -0.216229 -0.127385
134 -12.5461 -0.240661 -0.036785
135 -12.1279 -0.182983 0.341685
136 -11.7265 -0.011629 0.460175
137 -11.3906 0.212709 0.661765
138 -11.0816 0.498005 1.02205
139 -10.9465 0.902451 1.49988
140 -11.0004 1.33939 1.66731
141 -11.0174 1.76874 1.55296
142 -10.9612 2.19499 1.44877
143 -10.8972 2.62954 1.44525
144 -10.9241 3.02573 1.63688
145 -10.9283 3.49761 1.63505
146 -10.9435 3.91227 1.52351
147 -10.9103 4.32406 1.59129
148 -10.9941 4.75571 1.99133
149 -11.2737 5.10213 2.40736
150 -11.5944 5.244 3.00863
151 -11.9611 5.1796 -2.70777
152 -12.2104 4.9276 -2.2287
153 -12.4334 4.61318 -2.07816
154 -12.5872 4.22104 -1.68233
155 -12.5871 3.78104 -1.52169
156 -12.6052 3.36992 -1.65145
157 -12.6601 3.13783 -2.28744
158 -13.0562 3.09983 -2.92554
159 -13.4272 2.94008 -2.524
160 -13.578 2.80505 -2.34106
161 -13.4946 2.89474 -2.48166
162 -13.9029 2.81856 -2.9903
163 -14.2418 2.78133 -3.13323
164 -14.7339 2.94888 2.4974
165 -15.0145 3.27765 1.92722
166 -15.0823 3.69603 1.62078
167 -15.0226 4.25577 1.38799
168 -15.0275 4.69718 1.88973
169 -15.1273 4.99833 2.12907
170 -15.0803 4.93036 2.16663
171 -15.127 5.0272 2.26853
172 -15.1993 5.15802 2.07163
173 -15.4039 5.53175 2.0892
174 -15.6842 5.88605 2.54356
175 -16.0811 5.95504 3.11106
176 -16.4881 5.8131 -2.58726
177 -16.2603 6.09947 -2.3387
178 -16.1 6.30985 -2.14557
179 -16.1576 6.05429 -1.66477
180 -16.144 6.02348 -1.15536
181 -15.9449 5.85179 -0.65339
182 -15.5547 5.66274 -0.62232
183 -15.3154 5.30714 -1.05163
184 -15.105 4.97527 -1.02944
185 -14.8802 4.55826 -1.25534
186 -14.8913 4.13798 -1.81866
187 -15.1268 3.81047 -2.38691
188 -15.5433 3.6118 -2.97053
189 -15.928 3.68262 2.8643
190 -16.3981 3.69988 -3.02723
191 -16.7751 3.61849 -3.02879
192 -16.3845 3.649 -3.04921
193 -15.9772 3.74016 -3.04775
194 -16.0377 3.64208 -2.57806
195 -16.117 3.58324 -1.94115
196 -16.1107 3.59203 -1.50689
197 -16.0823 3.55452 -0.89689
198 -15.7525 3.35419 -0.29518
199 -15.3058 3.25683 -0.34284
200 -14.9901 2.9984 -0.56784
201 -14.6594 2.9002 0.02979
202 -14.2042 2.89275 -0.20009
203 -13.8212 2.75103 -0.40747
204 -13.4 2.64051 -0.05482
205 -12.9944 2.6304 -0.07058
206 -12.5636 2.59469 -0.05322
207 -12.1344 2.53151 -0.39722
208 -11.7806 2.26697 -0.71414
209 -11.3489 1.94725 -0.58068
210 -11.052 1.65535 -1.05031
211 -10.9278 1.23441 -1.63862
212 -11.0906 0.829797 -2.22326
213 -11.4285 0.583183 -2.81466
214 -11.8462 0.522835 -3.04779
215 -12.2929 0.439272 -2.79474
216 -12.6983 0.319295 -2.91313
217 -13.1314 0.215809 -3.06879
218 -13.6778 0.230228 3.04101
219 -14.0776 0.282382 3.1136
220 -14.5531 0.249459 -2.9646
221 -14.9694 0.185572 -3.06445
222 -15.3807 0.171354 -3.05289
223 -15.8179 0.138772 -3.05126
224 -16.2388 0.108839 -3.04699
225 -16.6827 0.065912 -3.06033
226 -17.1087 0.035708 -3.05339
227 -17.5343 -0.008419 -3.08007
228 -17.9591 -0.037096 3.13356
229 -18.3868 -0.026733 3.06331
230 -18.8166 0.030505 3.0348
231 -19.2281 0.063899 3.12159
232 -19.6717 0.050161 -2.90104
233 -20.0832 -0.088307 -2.93342
234 -20.2055 -0.106669 -2.92876
235 -20.0078 -0.035853 -2.30936
236 -20.1092 -0.27264 -1.66238
237 -20.1327 -0.68138 -1.6445
238 -20.1736 -1.0935 -1.52284
239 -20.0432 -1.60002 -1.19892
240 -19.9297 -2.02401 -1.50857
241 -19.8949 -2.43625 -1.39411
242 -19.8522 -2.87122 -1.37783
243 -19.8375 -3.2932 -1.73915
244 -19.9471 -3.73191 -1.64109
245 -19.9049 -4.02334 -1.29088
246 -19.93 -4.4375 -1.95227
247 -20.1123 -4.79775 -2.08945
248 -20.3037 -5.16823 -2.01762
249 -20.3155 -5.18826 -1.35123
250 -20.2367 -5.31423 -0.89551
251 -20.4036 -5.14739 -0.28794
252 -20.0731 -5.11726 0.35248
253 -20.2869 -5.27664 0.89048
254 -20.2315 -4.99768 1.25106
255 -20.086 -4.62862 1.16144
256 -19.9455 -4.12005 1.27299
257 -19.8778 -3.69527 1.54206
258 -19.8889 -3.24422 1.60359
259 -19.9299 -2.8283 1.8764
260 -20.1364 -2.44062 2.12248
261 -20.2574 -2.04188 1.66363
262 -20.1991 -1.60795 1.30889
263 -20.0835 -1.20007 1.30079
264 -20.0459 -0.784681 1.81184
265 -20.2043 -0.520919 2.41047
266 -20.5853 -0.288597 2.64419
267 -20.9706 -0.09316 2.78312
268 -21.3951 0.025428 2.87602
269 -21.7982 0.11264 2.96366
270 -22.2306 0.162213 2.9294
271 -22.6492 0.308944 2.82798
272 -23.0637 0.444741 2.70201
273 -23.4157 0.618474 2.6735
274 -23.5876 0.693758 2.63607
275 -23.4892 0.671178 3.11355
276 -23.7656 0.548789 -2.54093
277 -23.9806 0.203424 -1.94276
278 -24.0162 -0.198882 -1.35278
279 -23.896 -0.62876 -1.27001
280 -23.752 -1.00924 -1.27757
281 -23.6117 -1.43479 -1.05435
282 -23.3738 -1.75156 -1.10581
283 -23.2891 -2.15927 -1.64779
284 -23.3183 -2.36923 -1.64609
285 -23.2685 -2.30087 -1.26245
286 -23.1431 -2.68427 -1.26429
287 -23.0425 -3.12197 -1.4813
288 -23.0594 -3.48352 -1.6905
289 -23.0541 -3.08569 -1.53428
290 -23.0793 -2.56055 -1.40226
291 -23.2547 -2.04777 -1.24724
292 -23.4074 -1.62068 -1.22615
293 -23.5407 -1.23417 -1.21053
294 -23.694 -0.830962 -1.1889
295 -23.8326 -0.496463 -1.13721
296 -23.8148 -0.489103 -0.515705
297 -23.8019 -0.477134 0.085645
298 -23.3351 -0.282912 0.324695
299 -22.925 -0.177032 0.396815
300 -22.5194 0.038298 0.474845
301 -22.2312 0.180913 0.284075
302 -21.8572 0.270866 0.085225
303 -21.3905 0.221073 -0.117395
304 -20.971 0.215085 0.004735
305 -20.5382 0.215985 0.004645
306 -20.1138 0.187505 0.013255
307 -19.6608 0.228044 0.018185
308 -19.1568 0.265374 0.018985
309 -18.7153 0.262664 -0.032825
310 -18.266 0.224487 -0.132975
311 -17.8345 0.147245 -0.204525
312 -17.4365 0.033308 -0.205735
313 -17.013 -0.017605 -0.210575
314 -16.6008 -0.110954 -0.203305
315 -16.1457 -0.219136 -0.380635
316 -15.8113 -0.453608 -0.776095
317 -15.6346 -0.820029 -1.35428
318 -15.6463 -1.25355 -1.94521
319 -15.9178 -1.57254 -2.52595
320 -16.3208 -1.71866 -3.10649
321 -16.7433 -1.68646 3.13609
322 -17.164 -1.75206 -2.91928
323 -17.2473 -1.7846 -2.35607
324 -17.3635 -1.99409 -1.7536
325 -17.2967 -2.20092 -1.14864
326 -17.0036 -2.52286 -0.545535
327 -16.6 -2.68814 -0.356275
328 -16.2194 -2.90051 -0.648145
329 -15.969 -3.1881 -1.13213
330 -15.8529 -3.64598 -1.31428
331 -15.8572 -4.05924 -1.77537
332 -16.0395 -4.43311 -2.3632
333 -16.366 -4.6822 -2.55934
334 -16.5248 -4.83112 -2.11369
335 -16.5805 -4.97897 -1.51336
336 -16.5665 -4.94457 -0.927605
337 -16.5373 -4.93908 -0.339855
338 -16.4405 -4.89871 0.248505
339 -16.2047 -4.70512 0.847215
340 -16.045 -4.30754 1.42338
341 -16.0331 -3.85723 1.53964
342 -15.8919 -3.36641 1.11516
343 -15.7343 -2.96644 1.40654
344 -15.7161 -2.57495 1.44881
345 -15.6358 -2.09514 1.29252
346 -15.5603 -1.66696 1.45565
347 -15.4774 -1.25605 1.56181
348 -15.5207 -0.822246 1.53913
349 -15.3988 -0.407188 1.10777
350 -15.0909 -0.096919 0.519275
351 -14.6869 -0.005816 -0.067065
352 -14.2473 -0.126616 -0.291835
353 -13.8156 -0.196628 -0.016015
354 -13.4235 -0.108766 0.232305
355 -13.0089 -0.042273 0.237495
356 -12.4817 0.07309 0.235125
357 -12.05 0.149369 0.097545
358 -11.6212 0.141447 -0.364825
359 -11.2677 -0.103852 -0.827215
360 -11.0746 -0.492653 -1.23233
361 -10.9559 -0.934093 -1.46311
362 -11.0462 -1.33488 -2.04485
363 -11.3357 -1.6326 -2.57938
364 -11.7288 -1.77135 -3.09153
365 -12.1638 -1.74847 3.00215
366 -12.2269 -1.77541 -3.00144
367 -12.7312 -1.89269 -2.98049
368 -13.2562 -1.97866 -2.81826
369 -12.9639 -1.88369 -2.44283
370 -12.9553 -1.85286 -1.8835
371 -13.137 -2.0247 -2.08388
372 -13.0996 -2.0221 -1.50011
373 -13.0666 -2.05223 -0.893335
374 -12.7151 -2.3531 -0.680255
375 -12.4287 -2.7936 -1.33573
376 -12.4166 -3.23283 -1.6025
377 -12.4824 -3.66127 -1.71149
378 -12.5468 -4.0095 -1.74486
379 -12.5357 -4.22082 -1.27239
380 -12.3669 -4.43108 -0.738065
381 -11.9994 -4.65618 -0.554185
382 -11.6595 -4.97329 -1.04659
383 -11.7842 -4.78065 -0.944185
384 -11.9201 -4.58529 -0.382315
385 -11.529 -4.55941 0.211785
386 -11.5063 -4.48217 0.749175
387 -11.4489 -4.30538 1.37125
388 -11.3598 -3.86724 1.36088
389 -11.2585 -3.45952 1.29137
390 -11.1997 -3.0111 1.62045
391 -11.2465 -2.51039 1.65002
392 -11.2016 -2.072 1.27059
393 -11.0724 -1.65064 1.31214
394 -11.0221 -1.24306 1.53367
395 -11.0286 -0.798502 1.54548
396 -11.0053 -0.373388 1.55164
397 -11.067 0.052582 1.98406
398 -11.3429 0.373128 2.5787
399 -11.7589 0.44336 -3.12173
400 -12.1877 0.383701 -3.06726
401 -12.5073 0.414271 3.07903
402 -12.5009 0.42008 3.07512
403 -12.7165 0.371701 -2.80527
404 -12.7722 0.346397 -2.22625
405 -12.7644 0.316938 -1.64429
406 -12.708 0.161378 -1.03925
407 -12.4445 -0.048881 -0.423821
408 -12.0277 -0.100101 0.108859
409 -11.5779 -0.007763 0.222829
410 -11.1769 0.06764 0.134139
411 -10.6431 0.136009 0.126609
412 -10.1981 0.215556 0.115989
413 -9.78464 0.259114 0.225699
414 -9.4005 0.504011 0.781389
415 -9.12936 0.833541 1.08844
416 -8.9391 1.21433 0.930739
417 -8.70923 1.56204 0.989279
418 -8.50473 1.95504 1.2799
419 -8.39107 2.35028 1.1418
420 -8.2714 2.78613 1.51142
421 -8.2761 3.18223 1.57004
422 -8.24212 3.66536 1.43494
423 -8.15617 4.0384 1.20915
424 -7.87962 4.49 0.895039
425 -7.57272 4.8015 0.807709
426 -7.39881 5.18712 1.34297
427 -7.34662 5.3858 1.73271
428 -7.25341 5.0162 2.22733
429 -7.41801 5.11581 2.81386
430 -7.8613 5.11651 -2.86919
431 -8.21823 4.89262 -2.2746
432 -8.31724 4.59303 -1.83249
433 -8.35781 4.16929 -1.67011
434 -8.46085 3.74591 -1.86812
435 -8.55186 3.33169 -1.49941
436 -8.54965 2.90184 -1.71677
437 -8.62029 2.44518 -1.66077
438 -8.59658 2.0331 -1.41628
439 -8.55115 1.61757 -1.4312
440 -8.47761 1.19094 -1.40894
441 -8.29337 0.813415 -0.949596
442 -7.97834 0.526447 -0.456986
443 -7.96049 0.529772 -0.326486
444 -7.58438 0.387366 -0.354876
445 -7.15052 0.285599 -0.056916
446 -6.72463 0.29631 -0.007336
447 -6.30621 0.29889 0.006374
448 -5.85729 0.283072 0.007694
449 -5.44175 0.289909 -0.000376
450 -4.89156 0.293442 -0.008506
451 -4.45456 0.280365 -0.011686
452 -4.01501 0.291989 -0.027396
453 -3.59848 0.29454 -0.037696
454 -3.13503 0.259189 -0.041166
455 -2.69448 0.215541 -0.041916
456 -2.30157 0.205358 -0.049856
457 -1.87273 0.205507 0.155244
458 -1.50515 0.391955 0.757704
459 -1.29083 0.761 1.33423
460 -1.24271 1.29059 1.50374
461 -1.22582 1.68946 1.69854
462 -1.33921 2.15517 1.65477
463 -1.29303 2.59247 1.47093
464 -1.32133 3.02695 1.72779
465 -1.41905 3.43795 1.78898
466 -1.49713 3.85669 1.74963
467 -1.57185 4.35979 1.64795
468 -1.60461 4.70545 1.58576
469 -1.57885 4.58971 0.288804
470 -1.45519 4.25759 -1.49637
471 -1.43717 3.80959 -1.43346
472 -1.23506 3.44485 -0.861566
473 -0.855164 3.22982 -0.264766
474 -0.449096 3.13833 -0.032126
475 0.066634 3.26485 0.292104
476 0.509301 3.38391 0.305504
477 0.887603 3.59678 0.684644
478 1.05905 3.95533 1.27228
479 1.17824 4.43041 1.442
480 1.25503 4.75246 1.15574
481 1.28759 4.95825 1.40092
482 1.28775 4.99626 1.04821
483 1.37804 5.00016 -0.116526
484 1.40077 4.63997 -1.60878
485 1.27275 4.11481 -2.02407
486 1.05019 3.74129 -2.06247
487 0.751091 3.26621 -2.30625
488 0.3724 3.09105 -2.87448
489 -0.06378 3.05669 -3.12749
490 -0.492881 3.02111 -3.13723
491 -0.888748 3.05396 3.02932
492 -1.30673 3.13479 2.88892
493 -1.74362 3.21769 2.96792
494 -2.18461 3.27152 3.10549
495 -2.62278 3.2923 3.10352
496 -3.06168 3.33398 3.02421
497 -3.47344 3.42176 2.93737
498 -3.9118 3.51207 2.92732
499 -4.33879 3.53164 -3.05792
500 -4.72466 3.39624 -2.70291
501 -5.11068 3.18363 -2.60598
502 -5.42432 2.90647 -2.20559
503 -5.61572 2.52016 -2.01659
504 -5.79471 2.13335 -1.83373
505 -5.80378 1.71809 -1.46677
506 -5.67674 1.31214 -1.1611
507 -5.4134 0.956998 -0.755206
508 -5.06348 0.738706 -0.349846
509 -4.65278 0.684374 -0.060726
510 -4.23152 0.651047 -0.034936
511 -3.80282 0.66182 -0.017986
512 -3.38102 0.625538 0.010374
513 -2.95322 0.643837 0.030944
514 -2.48353 0.649651 0.074094
515 -2.06754 0.715737 0.275884
516 -1.60092 1.00197 0.728234
517 -1.33475 1.3306 1.13589
518 -1.24142 1.85468 1.58209
519 -1.28723 2.29702 1.69047
520 -1.38175 2.74627 1.88216
521 -1.66081 3.06883 2.46021
522 -2.05067 3.21766 3.05496
523 -2.4724 3.24041 3.13832
524 -2.80578 3.31248 2.51067
525 -3.07738 3.67667 2.06874
526 -3.15679 4.10507 1.5117
527 -3.05816 4.4975 1.33129
528 -2.9548 4.92344 1.43
529 -2.92493 5.2076 1.49338
530 -2.90625 4.94221 1.67645
531 -2.9704 5.0232 2.16229
532 -3.02163 5.02604 2.75342
533 -3.24774 5.06677 -3.11613
534 -3.45254 5.19723 2.8545
535 -3.89204 5.3367 2.7712
536 -4.25558 5.53974 2.44422
537 -4.42788 5.78734 2.14893
538 -4.6154 6.06499 2.41178
539 -4.91617 6.18575 2.87541
540 -5.28879 6.17173 -2.84299
541 -5.37368 6.05575 -2.32171
542 -5.55046 5.65386 -1.73318
543 -5.52663 5.42594 -1.30524
544 -5.41606 4.96567 -1.36587
545 -5.34666 4.54429 -1.41477
546 -5.29895 4.12448 -1.41357
547 -5.16517 3.77893 -0.915671
548 -4.90065 3.53799 -0.843281
549 -4.99388 3.03287 -1.79229
550 -5.21171 2.5662 -2.03974
551 -5.3907 2.17029 -2.05058
552 -5.6017 1.78764 -2.05176
553 -5.81339 1.409 -2.00742
554 -5.84875 1.23959 -1.39652
555 -5.6391 0.859472 -0.797851
556 -5.26794 0.653676 -0.254141
557 -4.83098 0.559947 -0.240281
558 -4.41109 0.495966 -0.085761
559 -3.98066 0.487436 0.007139
560 -3.54218 0.492256 0.041839
561 -3.10519 0.53326 0.059139
562 -2.67435 0.537902 0.052189
563 -2.26699 0.627695 0.360909
564 -1.86941 0.76572 0.156509
565 -1.42413 0.778969 -0.087091
566 -0.993637 0.708568 -0.274001
567 -0.579246 0.530704 -0.501261
568 -0.260373 0.260596 -0.718801
569 0.093543 -0.11037 -1.01145
570 0.255425 -0.537186 -1.24449
571 0.281255 -0.969128 -1.54476
572 0.302589 -1.38617 -1.54552
573 0.314475 -1.79818 -1.55742
574 0.298728 -2.24114 -1.55782
575 0.324131 -2.68898 -1.5557
576 0.321928 -3.23204 -1.5208
577 0.376477 -3.63807 -1.18012
578 0.501837 -3.82597 -1.20685
579 0.464955 -4.34432 -1.92147
580 0.114457 -4.74069 -2.56597
581 -0.225614 -5.04667 -2.12577
582 -0.142932 -4.86812 -1.91625
583 -0.142821 -5.04462 -1.27905
584 -0.050513 -5.18708 -0.666401
585 0.221924 -5.30686 -0.078711
586 0.352425 -5.1913 0.525809
587 0.607847 -4.89792 1.12557
588 0.660084 -4.47874 1.72878
589 0.529947 -4.089 2.0917
590 0.380707 -3.6996 1.78807
591 0.439123 -3.25771 1.22075
592 0.62936 -2.87278 0.889709
593 0.907077 -2.60919 0.745559
594 0.989472 -2.47867 1.25477
595 0.949456 -2.10683 1.86708
596 0.737154 -1.74894 2.40259
597 0.413747 -1.4511 2.2909
598 0.239258 -1.09563 1.77046
599 0.292694 -0.665632 1.19926
600 0.550225 -0.346611 0.613639
601 0.944884 -0.185347 0.138129
602 1.4549 -0.102484 0.309869
603 1.85612 0.096446 0.502019
604 2.28042 0.237514 0.326479
605 2.70025 0.322908 0.141209
606 3.08251 0.372127 -0.064731
607 3.56619 0.336235 -0.058981
608 3.94579 0.310784 -0.063391
609 4.41713 0.280374 -0.053291
610 4.85862 0.242724 -0.053941
611 5.23902 0.248033 -0.062151
612 5.66751 0.216308 -0.061681
613 6.09994 0.196714 -0.065991
614 6.53773 0.145494 -0.061901
615 7.10744 0.129059 -0.123551
616 7.48241 0.059115 -0.146811
617 8.06651 0.020425 0.078479
618 8.49949 0.098742 0.291619
619 8.89751 0.249259 0.295839
620 9.40161 0.380141 0.316959
621 9.79289 0.487072 0.328119
622 10.2194 0.642283 0.250289
623 10.6225 0.663509 -0.083001
624 11.0318 0.51082 -0.672771
625 11.2294 0.154542 -1.25043
626 11.2795 -0.257658 -1.59202
627 11.2807 -0.698161 -1.58745
628 11.2609 -1.11672 -1.5949
629 11.2007 -1.54289 -1.77
630 11.1378 -1.97107 -1.83283
631 11.0294 -2.39723 -1.79134
632 10.9461 -2.79892 -1.73846
633 10.8847 -3.36002 -1.62861
634 10.8969 -3.78695 -1.54504
635 10.9393 -4.20718 -1.45291
636 11.0093 -4.64061 -1.33756
637 11.1219 -4.91649 -1.03954
638 11.2222 -5.02046 -0.460581
639 11.3377 -5.02047 0.130349
640 11.3109 -4.98851 0.713149
641 11.3325 -4.88527 1.31862
642 11.3505 -4.44197 1.61472
643 11.2999 -3.9331 1.68444
644 11.2776 -3.48572 1.6721
645 11.2281 -3.06857 1.65543
646 11.2191 -2.64321 1.64273
647 11.1918 -2.19449 1.6212
648 11.1696 -1.77184 1.58341
649 11.1327 -1.35568 1.60808
650 11.0942 -0.926038 1.93326
651 10.8844 -0.560806 2.2449
652 10.504 -0.288193 2.53935
653 10.1644 -0.026386 2.51832
654 9.71029 0.195855 2.68375
655 9.31112 0.321994 3.05829
656 8.8687 0.320672 3.10739
657 8.32864 0.340342 -3.12873
658 7.91179 0.287025 -2.90504
659 7.52534 0.052487 -2.39699
660 7.29542 -0.294234 -2.00483
661 7.15276 -0.692709 -1.80997
662 7.00734 -1.08999 -1.77767
663 6.8838 -1.4965 -2.30874
664 6.54911 -1.73352 -2.89701
665 6.11014 -1.8497 -2.89713
666 5.68438 -1.88403 3.07635
667 5.23995 -1.87665 -3.07919
668 4.81282 -1.92407 -2.98633
669 4.27871 -1.98899 -3.05362
670 3.77195 -2.0621 -3.04486
671 3.40395 -2.20384 -2.38774
672 3.28009 -2.38338 -1.7816
673 3.33947 -2.71816 -1.20633
674 3.51138 -3.12519 -1.13473
675 3.55762 -3.53548 -1.62753
676 3.53309 -3.96936 -1.68851
677 3.45519 -4.38457 -1.78922
678 3.31533 -4.81871 -1.79504
679 3.33074 -5.14672 -1.25257
680 3.52662 -5.3886 -0.710167
681 3.95894 -5.7163 -0.687587
682 4.23808 -5.9554 -0.766077
683 4.38539 -6.14116 -0.980797
684 4.52053 -6.26094 -0.355487
685 5.00741 -6.32271 -0.108837
686 5.41965 -6.30498 0.304463
687 5.83717 -6.18386 0.127773
688 6.23746 -6.21102 -0.257887
689 6.73466 -6.32585 -0.185967
690 6.83913 -6.34105 -0.139707
691 7.04263 -6.34324 0.110483
692 7.42422 -6.26998 0.315863
693 7.73916 -6.04584 0.903723
694 7.88298 -5.61806 1.45199
695 7.95079 -5.09036 1.48215
696 7.97781 -4.68083 1.43746
697 8.09516 -4.27999 0.965243
698 8.41391 -3.93355 0.949683
699 8.56005 -3.53699 1.49414
700 8.48708 -3.13658 1.82286
701 8.3348 -2.75693 1.96809
702 8.25973 -2.50846 1.79399
703 7.98058 -2.12197 2.44557
704 7.57389 -1.96543 3.04142
705 7.17319 -2.00855 -3.00028
706 6.76623 -1.9843 2.80561
707 6.41031 -1.81179 2.5665
708 6.06842 -1.71052 3.09882
709 5.63849 -1.79149 -2.88691
710 5.24109 -1.82535 3.14148
711 4.82554 -1.91517 -2.84573
712 4.2986 -1.99855 -3.03837
713 3.91375 -2.13969 -2.6308
714 3.53428 -2.446 -2.37342
715 3.27199 -2.8186 -2.00293
716 3.21461 -3.10424 -1.56853
717 3.27067 -3.11615 -1.02021
718 3.42902 -3.54612 -1.53426
719 3.37946 -3.99392 -1.6263
720 3.39113 -4.39204 -1.66968
721 3.41524 -4.83214 -1.33669
722 3.54928 -5.24078 -1.23873
723 3.71257 -5.66135 -1.05604
724 4.13512 -6.01054 -0.523022
725 4.44751 -6.07667 -0.068912
726 4.94146 -6.05928 0.057558
727 5.37573 -6.1411 -0.169632
728 5.76626 -6.15495 -0.039932
729 6.21271 -6.16642 -0.075342
730 6.5934 -6.21144 -0.103522
731 7.04546 -6.16367 0.157558
732 7.49022 -5.96394 0.779048
733 7.73189 -5.56759 1.32745
734 7.81708 -5.14785 1.3229
735 7.9753 -4.63205 1.29192
736 7.98975 -4.20923 1.67691
737 7.91038 -3.8032 1.7901
738 7.80226 -3.39279 1.75745
739 7.83278 -2.92742 1.30821
740 8.13402 -2.54368 0.592368
741 8.25757 -2.4762 0.256088
742 8.59559 -2.38641 0.322528
743 8.60257 -2.38217 0.944998
744 8.54322 -2.38171 1.53471
745 8.5436 -2.35605 2.13464
746 8.23965 -2.14202 2.74175
747 7.70306 -2.0777 3.0427
748 7.4193 -1.98857 2.72581
749 7.06615 -1.63661 2.07449
750 7.00445 -1.2266 1.76738
751 6.91413 -0.795121 1.72304
752 6.80844 -0.372654 1.95663
753 6.5063 -0.078979 2.5461
754 6.0765 0.026728 -3.1382
755 5.71128 -0.069493 -2.75836
756 5.25928 -0.138522 3.08819
757 4.89489 0.005795 2.5157
758 4.52704 0.267691 2.47567
759 4.16026 0.52391 2.71043
760 3.64317 0.714191 2.84687
761 3.21922 0.752049 -3.12514
762 2.80578 0.735033 -3.13399
763 2.37288 0.732301 3.13224
764 1.92566 0.713983 -3.10882
765 1.48993 0.630179 -2.96299
766 1.0933 0.588554 -2.96065
767 0.665284 0.480473 -2.97124
768 0.239562 0.413287 -2.91406
769 -0.187498 0.258318 -2.71444
770 -0.567112 0.07056 -2.66817
771 -0.935607 -0.110046 -2.67682
772 -1.32369 -0.324042 -2.6956
773 -1.72134 -0.486251 -2.68092
774 -2.08636 -0.687469 -2.56792
775 -2.39572 -0.96756 -2.23864
776 -2.60381 -1.32711 -1.88201
777 -2.64711 -1.83936 -1.47114
778 -2.56543 -2.28363 -1.24348
779 -2.45047 -2.53584 -1.27445
780 -2.36662 -2.96023 -1.35869
781 -2.31365 -3.39774 -1.47218
782 -2.31481 -3.78784 -1.59465
783 -2.28556 -4.22763 -1.6208
784 -2.29577 -4.67616 -1.55999
785 -2.32932 -5.11141 -1.52713
786 -2.29245 -5.50725 -1.64948
787 -2.37261 -5.95242 -1.85585
788 -2.41876 -6.06687 -1.7901
789 -2.37811 -5.95336 -1.08944
790 -2.10055 -6.23199 -0.484527
791 -1.81011 -6.25642 0.040753
792 -1.39901 -6.20472 0.047543
793 -0.973445 -6.18689 -0.211677
794 -0.887043 -6.2436 -0.473377
795 -0.818133 -6.27258 0.121073
796 -0.816755 -6.25981 0.537833
797 -0.836694 -6.23596 1.1146
798 -0.828473 -6.20187 1.63394
799 -0.940329 -5.79979 1.82991
800 -1.06731 -5.37187 1.94644
801 -1.29252 -5.03241 2.47679
802 -1.54915 -4.83874 2.30018
803 -1.74316 -4.44278 1.71972
804 -1.83158 -4.07042 1.95573
805 -2.03208 -3.70421 1.99121
806 -2.17454 -3.29364 1.84161
807 -2.26379 -2.8257 1.73019
808 -2.34239 -2.42132 2.0135
809 -2.5535 -2.0413 2.07517
810 -2.7612 -1.66308 2.07513
811 -2.96728 -1.2791 2.07834
812 -3.20867 -0.914013 2.17755
813 -3.53808 -0.643547 2.71675
814 -3.89938 -0.515693 2.66156
815 -4.31106 -0.346346 2.80263
816 -4.81386 -0.263001 3.0015
817 -5.32188 -0.050654 2.4985
818 -5.65195 0.229146 2.32767
819 -5.90526 0.566903 2.0673
820 -6.12754 1.02969 1.57565
821 -6.05162 1.478 1.32519
822 -5.93154 1.87805 1.14971
823 -5.74648 2.26696 1.00569
824 -5.49208 2.64011 0.849123
825 -5.1546 2.871 0.388323
826 -4.72525 2.9268 -0.104507
827 -4.31729 2.84281 -0.266777
828 -3.90877 2.71753 -0.279867
829 -3.47161 2.64378 -0.039687
830 -3.05783 2.66972 0.107913
831 -2.64114 2.72468 0.209453
832 -2.19138 2.85376 0.171473
833 -1.7366 2.83026 -0.318987
834 -1.3922 2.56654 -0.894447
835 -1.27445 2.17055 -1.47651
836 -1.36288 1.76194 -1.95864
837 -1.55748 1.2647 -1.9619
838 -1.62279 0.856517 -1.49735
839 -1.49396 0.452602 -0.989787
840 -1.16973 0.168542 -0.476527
841 -0.745678 0.094503 0.022883
842 -0.32932 0.133 0.039103
843 0.07787 0.05681 -0.187057
844 0.480838 -0.046064 -0.250917
845 0.932417 -0.106686 -0.273137
846 1.45862 -0.273183 -0.284787
847 1.86843 -0.384024 -0.268907
848 2.30102 -0.477348 -0.197287
849 2.71868 -0.512394 -0.085167
850 3.13755 -0.511461 0.063653
851 3.49827 -0.433508 0.284403
852 3.90524 -0.326062 0.303383
853 4.3149 -0.211338 0.298623
854 4.72965 -0.076248 0.285243
855 5.12512 0.075255 0.278423
856 5.56052 0.160556 0.274343
857 5.9623 0.283295 0.407763
858 6.33482 0.521935 0.717373
859 6.63736 0.969762 1.24482
860 6.58589 1.39421 1.75791
861 6.36547 1.74702 2.35662
862 6.01386 1.9681 2.67255
863 5.60532 2.17045 2.7205
864 5.06994 2.25664 -3.11254
865 4.65652 2.2174 -3.00543
866 4.26608 2.19052 -3.04009
867 3.73602 2.13473 3.09637
868 3.5711 2.14154 2.91715
869 3.43078 2.18114 2.84833
870 3.23821 2.23219 2.82775
871 2.89451 2.4539 2.42575
872 2.8455 2.67204 1.90995
873 2.78901 3.03365 1.67975
874 2.70746 3.44888 1.75609
875 2.57601 3.91693 1.8811
876 2.51661 4.10513 1.81174
877 2.56145 3.93457 1.57832
878 2.6836 3.93115 -0.412077
879 2.84767 3.48706 -1.42929
880 2.84218 3.0943 -1.63224
881 2.94199 2.66009 -1.05642
882 3.26027 2.38054 -0.449007
883 3.5614 2.28792 0.081023
884 3.66768 2.30139 0.157613
885 3.82248 2.30157 0.068673
886 3.9675 2.32153 -0.042277
887 4.40083 2.28773 -0.052417
888 4.84752 2.22512 -0.075547
889 5.25322 2.21265 0.090763
890 5.6422 2.37511 0.684203
891 5.89719 2.71976 1.09334
892 6.04629 3.13045 1.37962
893 6.20412 3.63333 0.956293
894 6.44027 3.99999 1.11764
895 6.52479 4.40945 1.65407
896 6.35353 4.78252 2.25389
897 5.98694 4.9954 2.82044
898 5.69621 5.09071 2.89528
899 5.96489 4.8681 2.18244
900 5.88252 5.22922 1.77544
901 6.01934 5.21815 0.882493
902 6.36793 5.41849 0.310423
903 6.88467 5.41096 -0.170047
904 7.35637 5.44761 0.226843
905 7.46748 5.47533 0.353553
906 7.72647 5.5336 0.116193
907 7.8794 5.08611 -1.49559
908 7.83318 4.77464 -1.90461
909 7.93398 5.03011 -2.21107
910 7.58422 4.84568 -2.86945
911 7.18126 4.72112 -2.93197
912 6.74624 4.6165 -2.87208
913 6.4253 4.47026 -2.50517
914 6.37078 4.30695 -1.90408
915 6.2443 3.90574 -1.776
916 6.17736 3.50671 -1.55244
917 6.28149 3.09 -1.15314
918 6.55351 2.71802 -0.827037
919 6.72305 2.56773 -0.650187
920 7.07213 2.40367 -0.114437
921 7.47225 2.44299 0.015453
922 7.79226 2.46245 0.217573
923 8.2052 2.47778 -0.133107
924 8.56484 2.42971 0.213793
925 8.77249 2.6346 0.739783
926 9.13277 2.90618 0.487563
927 9.55788 2.97314 -0.097417
928 10.0422 2.74742 -0.548357
929 10.4166 2.55168 -0.472587
930 10.7971 2.38083 -0.221217
931 10.6354 2.4415 0.199953
932 10.848 2.48347 0.540003
933 10.9946 2.69312 1.05966
934 11.0949 2.87079 1.21825
935 11.1559 3.17198 1.27474
936 11.2181 3.68107 1.83207
937 11.0224 4.05607 2.00546
938 10.8281 4.46774 1.8889
939 10.8296 4.45166 2.48664
940 10.8883 4.37545 3.06649
941 10.9772 4.37881 -2.6252
942 11.0303 4.44073 -2.01927
943 11.0079 4.23042 -1.55957
944 11.1316 3.81911 -1.05314
945 11.2152 3.73457 -0.676162
946 11.2386 3.69369 -0.602072
947 11.2208 3.63793 -1.23347
948 11.1955 3.18105 -1.85413
949 10.9219 2.78931 -2.44013
950 10.896 2.79605 -2.41478
951 10.6952 2.63448 -2.68149
952 10.2392 2.55876 2.99434
953 9.79044 2.67938 2.93445
954 9.40182 2.62925 -2.83434
955 8.89393 2.46861 -2.91987
956 8.43427 2.43286 -3.08188
957 8.03963 2.34913 -2.88706
958 7.63803 2.33887 2.95757
959 7.23028 2.45582 2.95054
960 6.79194 2.51162 3.13893
961 6.60586 2.49652 -3.00848
962 6.47237 2.37651 -2.52096
963 6.22443 2.04838 -1.92691
964 6.25322 1.95723 -1.38169
965 6.47722 1.54828 -0.966112
966 6.71255 1.19502 -1.0629
967 6.92237 0.822212 -1.14945
968 7.00438 0.392317 -1.61654
969 6.83486 0.013102 -2.19906
970 6.48275 -0.259054 -2.78735
971 6.0755 -0.309055 -3.11141
972 5.63753 -0.365477 -2.98474
973 5.20523 -0.35854 3.1233
974 4.7923 -0.377921 -3.05862
975 4.34313 -0.398878 -3.11097
976 3.92732 -0.390304 3.10328
977 3.49327 -0.351521 3.00707
978 3.08636 -0.286149 2.9222
979 2.63267 -0.211399 3.05016
980 2.21177 -0.188404 3.11092
981 1.79015 -0.196829 -3.13809
982 1.35854 -0.2021 -3.11456
983 0.907624 -0.186001 -3.11452
984 0.484968 -0.178968 -3.12237
985 0.041818 -0.231055 -3.02782
986 -0.351998 -0.360016 -2.66537
987 -0.674513 -0.643226 -2.24898
988 -0.792621 -0.882366 -1.7742
